r		n
    0.000000	        -nan
    0.000393	        -nan
    0.000785	        -nan
    0.001178	        -nan
    0.001571	        -nan
    0.001963	        -nan
    0.002356	         nan
    0.002749	         nan
    0.003142	         nan
    0.003534	         nan
    0.003927	         nan
    0.004320	         nan
    0.004712	         nan
    0.005105	         nan
    0.005498	         nan
    0.005890	         nan
    0.006283	         nan
    0.006676	         nan
    0.007069	         nan
    0.007461	         nan
